Position Weight Matrix (probabilities)
Position 0: A=0.300, C=0.133, G=0.267, T=0.300
Position 1: A=0.133, C=0.000, G=0.600, T=0.267
Position 2: A=0.133, C=0.467, G=0.133, T=0.267
Position 3: A=0.433, C=0.400, G=0.133, T=0.033
Position 4: A=0.167, C=0.133, G=0.267, T=0.433
Position 5: A=0.400, C=0.000, G=0.467, T=0.133
Position 6: A=0.000, C=0.467, G=0.133, T=0.400
Position 7: A=0.433, C=0.400, G=0.133, T=0.033
Position 8: A=0.300, C=0.133, G=0.267, T=0.300
Position 9: A=0.400, C=0.000, G=0.333, T=0.267
Position 10: A=0.000, C=0.333, G=0.267, T=0.400
Position 11: A=0.300, C=0.533, G=0.133, T=0.033
Position 12: A=0.300, C=0.133, G=0.267, T=0.300
Position 13: A=0.400, C=0.000, G=0.333, T=0.267
Position 14: A=0.133, C=0.333, G=0.133, T=0.400
Position 15: A=0.300, C=0.400, G=0.267, T=0.033
Position 16: A=0.167, C=0.267, G=0.267, T=0.300
Position 17: A=0.400, C=0.000, G=0.333, T=0.267
Position 18: A=0.133, C=0.333, G=0.133, T=0.400
Position 19: A=0.300, C=0.267, G=0.400, T=0.033
Position 20: A=0.167, C=0.400, G=0.133, T=0.300
Position 21: A=0.400, C=0.000, G=0.333, T=0.267
Position 22: A=0.133, C=0.333, G=0.267, T=0.267
Position 23: A=0.300, C=0.267, G=0.267, T=0.167
Position 24: A=0.167, C=0.400, G=0.133, T=0.300
Position 25: A=0.400, C=0.000, G=0.333, T=0.267
Position 26: A=0.133, C=0.333, G=0.267, T=0.267
Position 27: A=0.300, C=0.267, G=0.267, T=0.167
Position 28: A=0.167, C=0.400, G=0.133, T=0.300
Position 29: A=0.400, C=0.000, G=0.333, T=0.267
Position 30: A=0.133, C=0.333, G=0.267, T=0.267
Position 31: A=0.300, C=0.267, G=0.267, T=0.167
Position 32: A=0.167, C=0.400, G=0.133, T=0.300
Position 33: A=0.400, C=0.000, G=0.333, T=0.267
Position 34: A=0.133, C=0.333, G=0.267, T=0.267
Position 35: A=0.300, C=0.267, G=0.267, T=0.167
Position 36: A=0.167, C=0.400, G=0.133, T=0.300
Position 37: A=0.400, C=0.000, G=0.333, T=0.267
Position 38: A=0.133, C=0.333, G=0.267, T=0.267
Position 39: A=0.300, C=0.267, G=0.267, T=0.167
Position 40: A=0.167, C=0.400, G=0.133, T=0.300
Position 41: A=0.400, C=0.000, G=0.333, T=0.267
Position 42: A=0.133, C=0.333, G=0.267, T=0.267
Position 43: A=0.300, C=0.267, G=0.267, T=0.167
Position 44: A=0.167, C=0.400, G=0.133, T=0.300
Position 45: A=0.400, C=0.000, G=0.333, T=0.267
Position 46: A=0.133, C=0.333, G=0.267, T=0.267
Position 47: A=0.300, C=0.267, G=0.267, T=0.167
Position 48: A=0.167, C=0.400, G=0.133, T=0.300
Position 49: A=0.400, C=0.000, G=0.333, T=0.267
Position 50: A=0.133, C=0.333, G=0.267, T=0.267
Position 51: A=0.300, C=0.267, G=0.267, T=0.167
Position 52: A=0.167, C=0.400, G=0.133, T=0.300
Position 53: A=0.400, C=0.000, G=0.333, T=0.267
Position 54: A=0.133, C=0.333, G=0.267, T=0.267
Position 55: A=0.300, C=0.267, G=0.267, T=0.167
Position 56: A=0.167, C=0.400, G=0.133, T=0.300
Position 57: A=0.400, C=0.000, G=0.333, T=0.267
Position 58: A=0.133, C=0.333, G=0.267, T=0.267
Position 59: A=0.300, C=0.267, G=0.267, T=0.167
Position 60: A=0.167, C=0.400, G=0.133, T=0.300
Position 61: A=0.400, C=0.000, G=0.333, T=0.267
Position 62: A=0.133, C=0.333, G=0.267, T=0.267
Position 63: A=0.300, C=0.267, G=0.267, T=0.167
Position 64: A=0.167, C=0.400, G=0.133, T=0.300
Position 65: A=0.400, C=0.000, G=0.333, T=0.267
Position 66: A=0.133, C=0.333, G=0.267, T=0.267
Position 67: A=0.300, C=0.267, G=0.267, T=0.167
Position 68: A=0.167, C=0.400, G=0.133, T=0.300
Position 69: A=0.400, C=0.000, G=0.333, T=0.267
Position 70: A=0.133, C=0.333, G=0.267, T=0.267
Position 71: A=0.300, C=0.267, G=0.267, T=0.167
Position 72: A=0.167, C=0.400, G=0.133, T=0.300
Position 73: A=0.400, C=0.000, G=0.333, T=0.267
Position 74: A=0.133, C=0.333, G=0.267, T=0.267
Position 75: A=0.300, C=0.267, G=0.267, T=0.167
Position 76: A=0.167, C=0.400, G=0.133, T=0.300
Position 77: A=0.400, C=0.000, G=0.333, T=0.267
Position 78: A=0.133, C=0.333, G=0.267, T=0.267
Position 79: A=0.300, C=0.267, G=0.267, T=0.167
Position 80: A=0.167, C=0.400, G=0.133, T=0.300
Position 81: A=0.400, C=0.000, G=0.333, T=0.267
Position 82: A=0.133, C=0.333, G=0.267, T=0.267
Position 83: A=0.300, C=0.267, G=0.267, T=0.167
Position 84: A=0.167, C=0.400, G=0.133, T=0.300
Position 85: A=0.400, C=0.000, G=0.333, T=0.267
Position 86: A=0.133, C=0.333, G=0.267, T=0.267
